2177
2181
2184
2183
2180
2179
2180
2174
2180
2178
2177
2178
2177
2179
2176
2169
2178
2178
2177
2177
2181
2180
2179
2179
2180
2183
2176
2178
2177
2179
2179
2180
2180
2178
2179
2172
2177
2181
2179
2178
2181
2178
2179
2179
2178
2172
2180
2182
2181
2180
2177
2178
2178
2175
2181
2184
2174
2180
2179
2179
2181
2178
2175
2178
2178
2175
2173
2168
2175
2179
2177
2177
2181
2180
2178
2179
2181
2180
2177
2178
2179
2180
2180
2172
2162
2182
2179
2178
2179
2179
2181
2182
2176
2181
2175
2182
2185
2186
2185
2191
2193
2193
2197
2196
2206
2212
2207
2217
2221
2232
2240
2243
2244
2254
2261
2280
2289
2286
2290
2305
2311
2318
2332
2345
2352
2363
2380
2388
2393
2409
2420
2433
2445
2455
2457
2483
2490
2509
2516
2533
2542
2552
2572
2584
2619
2610
2625
2632
2643
2657
2671
2682
2690
2702
2717
2736
2731
2747
2756
2773
2783
2792
2798
2814
2822
2826
2849
2860
2869
2878
2888
2902
2911
2925
2939
2954
2962
2969
2977
2991
3003
3018
3032
3038
3048
3065
3073
3090
3104
3115
3120
3134
3142
3154
3166
3172
3179
3189
3207
3212
3223
3227
3238
3245
3253
3258
3262
3270
3280
3283
3292
3297
3300
3303
3313
3317
3324
3322
3336
3338
3342
3345
3347
3346
3353
3363
3363
3367
3373
3374
3378
3377
3377
3386
3381
3384
3383
3381
3383
3384
3383
3382
3382
3386
3385
3388
3383
3382
3382
3384
3385
3382
3385
3379
3380
3378
3381
3384
3383
3383
3383
3384
3386
3375
3383
3382
3383
3383
3383
3383
3385
3384
3383
3382
3376
3375
3378
3379
3381
3379
3377
3377
3371
3368
3367
3365
3360
3349
3353
3345
3337
3331
3325
3318
3312
3301
3294
3274
3277
3270
3265
3256
3238
3230
3222
3210
3195
3182
3174
3156
3150
3133
3125
3108
3093
3075
3066
3048
3036
3019
2995
2994
2982
2966
2954
2936
2921
2905
2886
2876
2861
2848
2838
2822
2798
2793
2771
2770
2747
2731
2711
2697
2681
2666
2646
2628
2616
2596
2579
2560
2542
2520
2505
2482
2466
2442
2427
2401
2388
2363
2343
2325
2301
2283
2263
2244
2225
2198
2188
2165
2146
2126
2112
2092
2072
2056
2036
2024
2007
1989
1970
1961
1946
1928
1916
1900
1890
1878
1860
1841
1840
1834
1822
1810
1803
1795
1783
1779
1778
1784
1758
1751
1746
1746
1741
1738
1739
1735
1733
1736
1731
1733
1732
1732
1734
1731
1731
1734
1734
1707
1735
1729
1730
1734
1732
1731
1731
1728
1734
1729
1734
1728
1692
1731
1730
1730
1729
1727
1732
1732
1734
1732
1732
1733
1733
1722
1729
1732
1735
1733
1733
1732
1733
1734
1728
1733
1732
1737
1733
1732
1732
1733
1733
1732
1733
1732
1736
1740
1734
1730
1732
1732
1734
1732
1734
1734
1728
1731
1733
1719
1735
1734
1732
1681
1731
1731
1732
1705
1723
1729
1741
1734
1742
1731
1722
1722
1714
1718
1718
1716
1701
1702
1698
1691
1693
1667
1672
1658
1665
1640
1625
1614
1604
1589
1571
1555
1537
1520
1514
1500
1479
1461
1446
1430
1404
1398
1385
1368
1352
1336
1327
1308
1298
1277
1261
1232
1233
1221
1202
1194
1180
1155
1151
1137
1122
1103
1085
1066
1049
1030
1020
1000
971
952
943
918
903
885
867
849
832
818
801
785
765
756
740
727
716
708
697
685
676
669
651
644
629
627
624
616
610
607
604
594
584
587
582
577
564
574
574
574
574
572
572
574
570
573
573
573
572
573
572
574
574
572
576
580
573
573
575
573
577
581
585
590
624
604
607
615
621
625
633
643
653
667
673
673
697
706
712
723
734
741
758
770
794
818
802
817
839
839
852
872
892
933
916
937
950
964
985
1006
1022
1039
1095
1078
1099
1122
1146
1157
1185
1205
1224
1247
1268
1281
1306
1328
1350
1370
1390
1412
1428
1447
1465
1485
1511
1521
1539
1558
1572
1593
1607
1620
1641
1651
1668
1682
1690
1703
1715
1729
1747
1752
1762
1765
1782
1799
1806
1819
1822
1753
1840
1854
1851
1854
1876
1885
1886
1897
1900
1906
1917
1916
1921
1922
1923
1924
1927
1929
1931
1931
1931
1929
1930
1934
1931
1931
1933
1935
