4032
4095
4095
4095
4095
4095
4095
4095
4095
4095
4095
4095
4095
4095
4095
4095
4095
4095
4095
4095
4095
4095
4095
4095
4095
4095
4095
4095
4095
4095
4095
4095
4095
4095
4095
4095
4095
4095
4095
4095
4095
4095
4095
4095
4095
4095
4095
4095
4095
4095
4095
4095
4095
4095
4095
4095
4095
4095
4095
4095
4095
4095
4095
4095
4095
4095
4095
4095
4095
4095
4095
4095
4095
4095
4095
4095
4095
4095
4095
4095
4095
4095
4095
4095
4095
4095
4095
4095
4095
4095
4095
4095
4095
4095
4095
4095
4095
4093
4088
4082
4077
4067
4061
4053
4048
4039
4031
4022
4016
4013
4004
3995
3987
3982
3972
3964
3956
3947
3941
3934
3926
3911
3910
3899
3889
3892
3875
3865
3858
3846
3844
3836
3824
3815
3809
3804
3795
3784
3775
3765
3758
3748
3741
3735
3723
3716
3708
3694
3690
3681
3675
3669
3659
3648
3641
3635
3630
3615
3606
3596
3584
3579
3570
3557
3556
3538
3531
3512
3513
3509
3490
3483
3481
3473
3459
3450
3434
3426
3417
3410
3401
3392
3382
3383
3371
3371
3354
3347
3336
3330
3319
3315
3302
3300
3296
3281
3276
3266
3259
3246
3246
3235
3224
3226
3209
3201
3199
3183
3180
3173
3168
3156
3146
3142
3131
3115
3113
3101
3094
3085
3082
3074
3069
3056
3048
3034
3031
3021
3014
3013
2998
2991
2970
2972
2963
2957
2943
2933
2937
2930
2913
2908
2893
2894
2882
2875
2858
2860
2847
2842
2833
2824
2818
2801
2797
2787
